0.6037254126431655 0.46839656019105724 3 6.364717509178837 0.9130480448825624
0.5138729896078243 0.29507230737868534 3 5.388529939408082 1.1388428390638023
0.3064904159455227 0.6902919556360958 3 3.366725827247589 1.4536578508777185
0.2866910854803799 0.7614094808432198 3 2.9289548430068 1.7207472843012126
0.23055874576730068 0.6949130653293023 3 2.992077338922825 1.6844454608112767
0.208239343383985 0.7387634028043626 3 2.660996945416224 1.8940236292366348
0.23074597881615913 0.6824100891725686 3 3.0427379700588224 1.6563999731621328
0.44937310198209257 0.4881941150533161 3 5.55577214035377 1.0235374734282836
0.7159374380776726 0.5369769299381377 3 4.6116506346089645 1.233081477769645
0.4507442079334246 0.30905590754281775 3 5.143515749378194 1.1055747190369538
0.6209889659198802 0.49661943645755685 3 5.323162482981181 1.0682636492238458
0.7275372076425105 0.6983388762514319 3 2.6346911110052025 1.9129343363601927
0.6793080502468297 0.38356312225629596 3 5.914016792597625 0.96153615704957
0.6467627630109937 0.689444722536442 3 3.0561338787800394 1.6491394984164507
0.829462601011989 0.7767929457052348 3 2.015919105840226 2.500095900348238
0.7522365172463774 0.6604606209567222 3 2.664793450466219 1.8913252323789163
0.6289567839292338 0.32346951478531516 3 6.6098678646803135 0.8603108406851601
0.8603082847506063 0.6338333996208041 3 2.2279668486679785 2.262148153128071
0.6006889225245693 0.2928147023531954 3 6.051588954140143 0.9396773347585919
0.4802810307277785 0.7465574165966149 3 3.1924165127448907 1.578738573686731
0.2514615416001959 0.7983455398050048 3 2.5608382190962837 1.9681021059282071
0.7476746137476434 0.7198597924007893 3 2.465477213104817 2.0442253796367034
0.598144530201707 0.5532603752903262 3 5.07401740562628 1.1207176729775252
0.6823273195034794 0.6352458367411182 3 3.178364179035364 1.5857185671764262
0.32811448779324703 0.8104480471833705 3 2.7046768535381873 1.8634355839410728
0.7699065301953223 0.7932185854129203 3 2.1433711162559517 2.3514318419801747
0.15150612475114178 0.8765856628207388 3 1.952226277481144 2.581663380972248
0.7195566103116555 0.7577349717565741 3 2.4261618672859253 2.0773515402675597
0.7304046011555516 0.7203249916761053 3 2.533424361761123 1.9893986842540898
0.743277821809469 0.6841029232826228 3 2.6192276157548715 1.9242279905835105
0.2557675632363441 0.694139636565999 3 3.1125050283947675 1.619271630396094
0.31976325998106114 0.6241915643427768 3 3.847081109632362 1.3100818382346173
0.509538178207134 0.6931777163283148 3 3.5506575564624403 1.4194528793044843
0.387755003704134 0.6797111393353542 3 2.814077827869908 1.7909920763491514
0.5184350739403722 0.6255933181594546 3 4.346876135230325 1.30819025032551
0.2947503737253423 0.7486847327436937 3 3.015825706409441 1.6711811565348416
0.25282448358490983 0.7755234070996266 3 2.6933992213195665 1.871238044494426
0.7353954902397984 0.7630575124298286 3 2.3519413534865214 2.142906788246886
0.3778348723181266 0.33470062886484636 3 4.548728317363473 1.3490998596576413
0.2540901461651084 0.7916198603119513 3 2.607283211894728 1.9330432033435467
0.21569880839919162 0.7620046924524896 3 2.5944741060741117 1.9425867770833967
0.2522237138681524 0.7943940006827237 3 2.5850418444906293 1.9496748583340409
0.762326391564511 0.8024849472990617 3 2.1363898651875304 2.359115802818335
0.44149533809771346 0.2739239915645413 3 3.7462354748818933 1.3453481837266863
0.6892903823233598 0.7348762966442893 3 2.6344353788026207 1.913120030386005
0.21801957755241635 0.7186034168830753 3 2.8056412693248225 1.7963775864894196
0.20399614466425392 0.8184813524802571 3 2.3010606777007157 2.1902903912038236
0.28538727428959565 0.44406197703937333 3 3.574961645653684 1.4098028430800884
0.2712753218265971 0.752179949875212 3 2.9171053187877654 1.7277371027657165
0.2170246393794728 0.7368279607345486 3 2.7178591883275485 1.8543974292671965
0.7808853187516883 0.6592734947925624 3 2.5264753943043297 1.9948704441400695
0.7283903862822285 0.7400950365943004 3 2.4634781797553047 2.045884202816626
0.6550836751096591 0.6737695414449972 3 3.1092909145702903 1.6209454922108413
0.2663458716267545 0.7520018097620143 3 2.900693416215804 1.7375125077919897
0.7651971076541776 0.7692942812179941 3 2.2327256888275517 2.2573266018144102
0.7872023861255228 0.8173254155580306 3 2.0258004977433575 2.4879010038545943
0.5207238207675212 0.32542733595644696 3 6.316467725816581 0.9002723082457922
0.770220159307569 0.749528422333163 3 2.2796301957395397 2.21088100226265
0.4417443374743319 0.5304243162428341 3 4.996985881591078 1.1379942057531502
0.2512776247287444 0.7438694999329588 3 2.872897270643068 1.7543234641371939
0.24213541161565805 0.820011553112265 3 2.418827993507002 2.0836500592328067
0.5935990874065795 0.41016038620431844 3 6.311315596571081 0.901007229391353
0.2995329322777752 0.6230627270405613 3 3.7179685047911875 1.3555765965876296
0.5819559278781021 0.687203291527696 3 3.3580812115199947 1.500854438735728
0.3875139053807079 0.5835776682759641 3 4.323208585485603 1.1657987331135724
0.6591024621232009 0.6408554187767201 3 3.2886235140573414 1.5325533830191294
0.5081344429412513 0.5635050450437091 3 4.968323912038603 1.1445592276506067
0.2842777643038236 0.738365511007765 3 3.0263571559193645 1.665365597079951
0.7064273764082712 0.7960264143806072 3 2.3189053717104744 2.1734354292461835
0.7856914234307533 0.6819138433217659 3 2.4338736581405978 2.070769398850074
0.4364283715014795 0.692301105545165 3 3.6847631802006795 1.3677924049573107
0.25260232004573774 0.7375688203243906 3 2.912277343635434 1.7306013463859693
0.8311746997903773 0.7262206255047086 3 2.1351610621238826 2.3604734937098693
0.5556571320867622 0.5715022879444677 3 4.878830906123358 1.1655540208093376
0.49827763183980106 0.5382010339612469 3 5.181707935625297 1.0974259935386974
0.3253529896251357 0.3504070739523616 3 3.5747203706313377 1.4098979974354509
0.6435018480838316 0.6463838992670885 3 3.345594005297584 1.5064562777086095
0.5529486594119973 0.6117575097364949 3 4.584224884454839 1.2404585557667713
0.7961459853569384 0.8393688643424051 3 1.944403223334142 2.5920503687000536
0.7286601284351713 0.6666850344927256 3 2.7613782359029635 1.8251723093981624
0.2819275324554639 0.7689053884387266 3 2.8565627245126497 1.764355128174087
0.5706964819958329 0.6262959368064891 3 3.900026711575185 1.2922965570944076
0.30986265676342345 0.7775360767316855 3 2.891128750505995 1.743260687045762
0.41418250615709484 0.5820433717684208 3 4.428111011850901 1.1381808356783214
0.21034555806799418 0.6874932243575869 3 2.8774980567562363 1.7515185041085128
0.7086202064025585 0.41844781677046694 3 5.3015730571087865 1.0726139050099406
0.7539382268261435 0.6953746090340507 3 2.528599704539533 1.9931945269536586
0.6116232439393944 0.35471442426755717 3 6.6690345884048 0.8526782856049238
0.7673394640297962 0.772005715794815 3 2.2172483729220653 2.2730836804280687
0.5106216733301224 0.41911915802469024 3 6.529961947466175 0.8708383027695126
0.7065470571054172 0.3526615357856453 3 5.621142974159392 1.0116342896137296
0.743425497014074 0.43616922159939475 3 4.960480152992615 1.146369061884121
0.6977312894835461 0.39772196918136554 3 5.657953270275374 1.0050526591224709
0.7448782161551408 0.7394726189785576 3 2.404584708327162 2.09599232436735
0.8248418521018915 0.7134157163726719 3 2.189511758201546 2.3018789796701795
0.33345440081047545 0.4690126900207642 3 4.033346232078267 1.249580572047214
0.3179576779430139 0.749793212710529 3 3.092751361354793 1.6296140565716366
0.56506329156323 0.4368807019054587 3 6.171617407802691 0.9214020577963127
0.5913356730889696 0.26544906819330893 3 5.440312386530692 1.0452600099876383
0.7431589593477718 0.7725141972075193 3 2.2926236846037313 2.1983507916241267
0.7638809829937171 0.6572282090651652 3 2.617216035514438 1.925706943391159
0.31876246776325046 0.7669449786264386 3 2.997107790104655 1.6816182282749486
0.7387065607645802 0.7134573512536048 3 2.5261406713981085 1.9951347717921903
0.25411247060277425 0.7656493948354395 3 2.7568894510903754 1.828144066477338
0.5809203379333364 0.27920133592307494 3 5.701069841528069 0.9974515551552634
0.3273149601044746 0.6263807471208405 3 3.883905809159542 1.2976604839537715
0.293135146073639 0.714649474646771 3 3.1769949695138826 1.5864019742895639
0.5787426768538191 0.6941884431469565 3 3.3193057819952605 1.5183871034970626
0.5054771793503865 0.5395424282031024 3 5.172899495256759 1.099294696271436
0.29832254625051435 0.7609297935421809 3 2.970200365405078 1.6968522227144356
0.30738378186990223 0.7015168146141113 3 3.308493910214051 1.5233490611499299
0.5890047243886416 0.726746495955555 3 3.0556457275733706 1.6494029548207232
0.2740522921447801 0.4804320598631085 3 3.54882969028842 1.4201839850858624
0.33422593969522363 0.4716084824524596 3 4.04409088865941 1.2462605887711788
0.4679994292151898 0.4128731663431996 3 5.626920459608297 1.0905945407664406
0.48084197943805607 0.38070850868584616 3 6.967881391908189 0.8807108487383764
0.6360506427122014 0.452177164199903 3 5.614274777916239 1.0128718675916906
0.9160298083819269 0.523390593285425 3 2.1253454592681367 2.3713750016340205
0.6794405111786648 0.33386383983683265 3 5.926431486431512 0.9595219302712273
0.631710072257924 0.5795536341679328 3 4.663801550934397 1.2192930847028944
0.24398690269160286 0.8032512717246497 3 2.5084351464683827 2.0092172201623875
0.4394528077596546 0.5478674292772121 3 4.786507694915354 1.188035482638351
0.7165964637807317 0.4961768132521903 3 4.831827494744935 1.1768923840235583
0.20625837001259215 0.7691560734137575 3 2.518656461451806 2.001063332408454
0.5006618827477158 0.6265923168364407 3 4.2775018383310135 1.3294070217628955
0.7093289532125356 0.636966691161416 3 3.00273104554984 1.6784690388485812
0.7534022960618623 0.7993679677299006 3 2.171452842167608 2.321022586386803
0.5218570283765972 0.5769060811333763 3 4.860045782081086 1.1700591382178196
0.6974678628306086 0.4939221539103153 3 4.9506943963374805 1.1486350245508674
0.26055383370285917 0.7235272860746765 3 3.0024595449365163 1.6786208162053358
0.19643659936725835 0.7305112040483317 3 2.6307058019647798 1.9158322789954876
0.5677375256034707 0.3454778041423724 3 6.738973204692647 0.8438289939365172
0.7701084808001643 0.7051847879729983 3 2.4255442839162282 2.0778804680520535
0.47710199684411575 0.40228069309626585 3 5.626920459608297 1.0905945407664406
0.5729702930852463 0.728394506497188 3 3.0981036002097455 1.6267987589580999
0.2557890614036615 0.749439300160098 3 2.8633717309575593 1.7601595480791379
0.5915644139504792 0.3850652622739119 3 6.604718882672242 0.8609815316136805
0.7425328608722306 0.5347125144436418 3 3.161978983414365 1.5939356707875894
0.2629165269874901 0.7036678040195118 3 3.100899314403311 1.625332066905453
0.26608295583730507 0.7915967608107661 3 2.6516189945412485 1.9007222011610287
0.6676542569289109 0.5752724418322568 3 4.580451159577615 1.2414805400971303
0.4155274258102421 0.5261488358815203 3 4.65078660338058 1.0836857335663066
0.7304928242746523 0.7284849570246381 3 2.500859496720775 2.015303578051254
0.4717768997272872 0.6064647504959523 3 4.373441130011368 1.3002440893645146
0.46459992800618827 0.5291033620154328 3 5.221994828607595 1.0889595195170305
0.4720555872309712 0.7165683667235623 3 3.4398117288782406 1.4651938795465502
0.4114364122202755 0.4044955392669422 3 5.748603445285376 1.0675094904326208
0.7651082962482073 0.6747331730235104 3 2.550815807721886 1.9758349766720371
0.39882121731993425 0.44917757772100975 3 4.849125178910511 1.1726942014638981
0.44458360726584134 0.40254557139333424 3 6.476532077888765 0.9475269574479205
0.7031486691547949 0.799646589897552 3 2.314436206898328 2.177632322257496
0.7067359174595279 0.7877465869835184 3 2.3500467780626493 2.1446343702569806
0.7116156172064612 0.8174867359631751 3 2.2245419813329037 2.2656309182913095
0.5676530359179894 0.29547265797376954 3 7.893588680466829 0.748140113070417
0.20290811368806627 0.7051821711673277 3 2.7653464133477157 1.8225532496102164
0.5247572213790491 0.26401207215943967 3 5.142282116643868 1.10583994625178
0.41194253633769695 0.4918369529267401 3 4.870712313454854 1.167496787640782
0.4354437851788592 0.6211545627513583 3 3.254561031326817 1.548593203025643
0.682341733951336 0.43078415493021127 3 5.597159047920109 1.0159691605679937
0.5785911585761276 0.2756801334945491 3 5.619846076854586 1.0118677454354208
0.4472267728778566 0.3239469279293801 3 5.295826319956403 1.0737778461601357
0.5132405090658441 0.4690018473807536 3 5.890877558919307 0.9653130493046864
0.6025872583526563 0.6519178863077449 3 3.5302186209505404 1.4276710972046758
0.31000902581983353 0.7885794583567364 3 2.812141098678793 1.7922255374428888
0.5050531711150169 0.6694099945514911 3 3.759281650454207 1.3406793000827406
0.43602399117606827 0.4157757274892156 3 6.410837741978374 0.9572366329586791
0.6819633448943572 0.573433213976195 3 3.4364634239584517 1.4666214855676496
0.21524461099141762 0.7711917048187262 3 2.5499070170447133 1.9765391672148405
0.8123957636975742 0.7068171361169507 3 2.2529433070765332 2.237069648452377
0.650947500402311 0.7827968494187825 3 2.5397691420291517 1.9844288240773444
0.6418316378383897 0.44634230241629513 3 5.623636622313819 1.0111857080021012
0.41003838698089295 0.5099887518902678 3 3.993083696605948 1.1986723825398982
0.6956869262957491 0.7590079149145048 3 2.5035043173401332 2.0131745158321164
0.2986434311642774 0.7002088979934473 3 3.2760345305134098 1.5384426033980125
0.46275715986772836 0.5465254622670109 3 5.012352690414022 1.1345053572060657
0.518605160378907 0.37252647303440034 3 6.738973204692647 0.8438289939365172
0.6275690079206528 0.5523467224319585 3 4.992247569343926 1.139074314823746
0.68924092353326 0.38632021585199633 3 5.798879653322713 0.9806275210803178
0.5043499801956989 0.31104972990661883 3 5.811929085622509 0.9784257336429398
0.7830924890472047 0.7316558161430998 3 2.2903085090066666 2.2005730110703463
0.27527637261962035 0.7853181287824482 3 2.723152682380858 1.8507926950090663
0.4347701798526803 0.557562736730373 3 4.616954238470459 1.0916268240108273
0.2178829081972778 0.7403140181632161 3 2.706523199867009 1.8621643783406279
0.48022262821967227 0.39871803725628563 3 5.626920459608297 1.0905945407664406
0.7023711448714501 0.7689249857718555 3 2.439248001638097 2.0662069164595764
0.43120782286536896 0.4536048393809892 3 6.572424176715361 0.9337024771341943
0.4776430480397612 0.717473875201391 3 3.4230131804226525 1.472384366139814
0.28729744918040523 0.7945900385438784 3 2.705125696349901 1.8631263969528038
0.7436451075785734 0.741107198751839 3 2.40317624555474 2.097220751606349
0.8061954950809548 0.7249522038232329 3 2.2262027213666875 2.2639407649500747
0.2292728118427541 0.7370013770311333 3 2.7862501565164886 1.8088796083715928
0.5221943178984508 0.7031808147941978 3 3.4371363055312294 1.4663343678963805
0.6227812899148043 0.3306931377284241 3 6.667897966430619 0.8528236346911283
0.5663578499358706 0.49135390567741366 3 5.570938891046813 1.0207509166219573
0.33331807289623916 0.46849763185945303 3 4.031332127141152 1.2502048784353033
0.600897799997153 0.6635429624194095 3 3.4506761046632395 1.4605807497069336
0.6197171351587627 0.6938126277047257 3 3.151994560812966 1.598984704670593
0.5181698331845648 0.5111409992566154 3 5.440275045710519 1.0452671844164567
0.27814902664247004 0.7271079377554931 3 3.05551351813288 1.6494743230671753
0.2758683060347048 0.42493086482223386 3 3.4523464197986775 1.4598740911518207
0.25468844356494813 0.7614163539866831 3 2.7848795531331167 1.8097698646516382
0.41264041587823297 0.41225177314572403 3 5.836460351816957 1.0514401477370405
0.8237151064798245 0.6794732313853846 3 2.279739578273963 2.2107749235817167
0.5681429924399365 0.42284600051634724 3 6.327077210001466 0.8987626973307674
0.44347199035029516 0.4622535936838886 3 6.982410591280485 0.8788782404516847
0.3252727704249059 0.518663878690165 3 4.010061611701219 1.2568363232221467
0.4974167815731843 0.40614885020574676 3 6.702109938245172 0.8484702626304371
0.2575684992783643 0.7434440050549689 3 2.9058312152634667 1.734440412599074
0.6375590914200824 0.5847092832713302 3 4.613452011964029 1.2326000064017315
0.30021772312881323 0.743089979045272 3 3.062678936757484 1.645615226413765
0.30863520005670103 0.6065060017631401 3 3.8333608839303617 1.314770835449573
0.24439870503634276 0.765492637542115 3 2.712721937623995 1.857909217322597
0.4313267952812512 0.5750655042335979 3 4.514510498156976 1.1163981330871608
0.323144615700802 0.5142624100259803 3 3.9910893981186364 1.2628108742241257
0.3755203166446687 0.6898760992517088 3 2.7385215923936848 1.8404058255167834
0.30656537501122727 0.35196144277089036 3 3.43855601808208 1.4657289471049497
0.6411788036353628 0.4686061791825734 3 5.449057635605379 1.0435824613642908
0.35648189808486724 0.782707269261588 3 2.948760061690895 1.709189960018237
0.6173535815217863 0.5281875766332944 3 5.2200662049268365 1.0893618502604117
0.2092131026735191 0.7543484627335988 3 2.5977249977101162 1.9401557502767102
0.3065593255916551 0.7337959330515907 3 3.133194475417813 1.608579081664808
0.6927327403170797 0.6700023743441031 3 2.933807345959739 1.7179011767373222
0.3540846764255108 0.4841694760329867 3 4.229803889129701 1.1915424979624374
0.23749944219723773 0.7655984146207966 3 2.679845626926931 1.8807020230207672
0.21382856749133544 0.7943446931222934 3 2.438984581834405 2.066430074828175
0.4355175323467955 0.5279784453659533 3 4.9592030428012475 1.1466642785952263
0.23879859471892556 0.7543122358021094 3 2.7470404210611905 1.8346985553266342
0.5944024530455814 0.6057524678883506 3 4.571229524939404 1.24398500413438
0.3014838543031903 0.7034441483006492 3 3.2715263322403794 1.5405625937583056
0.7113519692867732 0.7425940366695418 3 2.5168934233724487 2.002465040888233
0.5002917903066961 0.5418692345518223 3 5.150200219504551 1.1041397881863297
0.6058904881765098 0.5303936494898217 3 5.241759752505421 1.0848534171683335
0.749466614165472 0.7328131832071315 3 2.4114844314259116 2.089995285171585
0.46731998488268855 0.57399981287557 3 4.716638419355555 1.2056342831252918
0.18351795509367025 0.7981412970500236 3 2.3084964419747482 2.1832353735981918
0.1809722095110372 0.7812986916049908 3 2.3617153703798883 2.134038316028802
0.4346341375571578 0.3634158158782626 3 5.7648498183054615 1.0645010586554426
0.5137967253936864 0.6285313418967632 3 4.298787196194801 1.3228244897804096
0.6113784672224188 0.5286245988894975 3 5.237948164312866 1.085642851188262
0.5364752663717447 0.4694347928377997 3 5.869088538536334 0.9688967788001858
0.20530967314622395 0.7428170097694976 3 2.6280030920082367 1.9178025730911277
0.7087331262670795 0.7655352223855434 3 2.431930120915933 2.0724243055333487
0.843634259355262 0.723509085172378 3 2.0993463174342395 2.4007430551546958
0.1980285850674685 0.7098982570929543 3 2.7180378405148526 1.8542755427533553
0.8116671981458425 0.7963891674181127 3 2.016607238621141 2.4992427853184433
0.3668006741594324 0.7098112476478706 3 3.520638886038178 1.4315558212834505
0.6753842036454221 0.31970273813787053 3 5.748145199941561 0.9892827654281866
0.258821822279201 0.725529628631154 3 2.9869435806169786 1.6873405727013373
0.5454137939219365 0.36750178191490135 3 6.738973204692647 0.8438289939365172
0.7940793434401193 0.7073379545190814 3 2.322235362522236 2.170318811470849
0.7055384167486035 0.8032623540731494 3 2.293815521831599 2.1972085566499393
0.8239586646098369 0.7675190168773441 3 2.055117917343948 2.4524096887143894
0.381049286997603 0.3442848645161163 3 4.71676129465893 1.30103864732878
0.609492664166897 0.6063615320484372 3 4.5387466110730506 1.2528879593338946
0.49008612485006625 0.6294229305694207 3 4.207355361093217 1.3515713533651654
0.6258946158877843 0.29786152832143475 3 6.130681489450251 0.9275544634420188
0.836569858595413 0.7395273438740726 3 2.084780488980538 2.4175164333053605
0.20771837372789004 0.7507873026800568 3 2.605949996288708 1.9340321568420706
0.26948071444154426 0.8373758527603316 3 2.4108824177563855 2.0905171711506156
0.7405658451005331 0.7220012904983931 3 2.4859508773557595 2.027389655143042
0.6127630910463642 0.5027568608385389 3 5.306375489855914 1.1616353880114436
0.18152151643851627 0.7095338322497738 3 2.622575743589708 1.9217714128043593
0.46780169318472314 0.3947836158292342 3 6.738973204692647 0.8438289939365172
0.3300975326325553 0.61429800117587 3 3.9576913481828266 1.273467445676113
0.32268111908104147 0.46658768216650875 3 3.936029565513079 1.2804759232767222
0.29111887670561115 0.3624646302450098 3 3.3670781134450167 1.4968441248273217
0.6507143465614921 0.63649523744681 3 3.36787313304635 1.4964907800389742
0.3939936115953249 0.4355492315286958 3 4.7936840643981675 1.1862569378974857
0.42722756534718975 0.6185064737597324 3 3.2409124757361356 1.5551148417854326
0.2202104218437173 0.8428793976571253 3 2.2507823752971556 2.239217414913088
0.5707049148610202 0.33224836461163654 3 6.738973204692647 0.8438289939365172
0.30638096553920613 0.7899582016439562 3 2.7926263034349676 1.804749559848226
0.8351619113805846 0.13894038814840037 3 1.9688936402367896 2.5598087113221104
0.2902584810634696 0.35073348437709656 3 3.3141605103248097 1.5207444166459165
0.1879572805347128 0.7862968000937579 3 2.3707487598519195 2.1259068768888194
0.36782453531478027 0.4372164861268705 3 3.7791244349704742 1.2665365299963378
0.4614853335162101 0.45354716893263375 3 7.231260095885936 0.848633385219698
0.3220857054082107 0.7600928123854157 3 3.054020664222798 1.6502806123701972
0.40893966208118576 0.4983293218748703 3 4.007177884004924 1.1944563697552075
0.18182398704466007 0.7740302445527997 3 2.392433409380822 2.1066379829770137
0.6787683190354972 0.544416694963726 3 4.729862575842697 1.2022634671299726
0.680688321346238 0.7475368639764006 3 2.607917614277751 1.9325729709987924
0.22244794366175197 0.6727625517281877 3 3.0135687297843003 1.6724327678783615
0.6539212330228087 0.46335062554135026 3 5.412592682865489 1.0506131373015903
0.5071687450460225 0.5064850209229907 3 5.485962230436742 1.036562181914299
0.3507596663956172 0.4731503428096154 3 4.189304062362336 1.203061658194082
0.7665757626244889 0.7566684229513448 3 2.268979504734342 2.221258976305707
0.5068255999089359 0.5010647442959388 3 5.540736659488641 1.0263149701840835
0.4101348255428155 0.49464707734714325 3 4.01738454563742 1.1914217058184153
0.6752421809738202 0.5665200576628142 3 4.60743004788867 1.234211028789633
0.7009787144079658 0.6058330298954564 3 3.2101543394741676 1.5700151952103338
0.7517526656172895 0.4980941672696096 3 4.629139637697623 1.228422865703234
0.7294538573365863 0.779583670283009 3 2.3108563004242813 2.1810058423016074
0.42732547274373656 0.8337665738193867 3 2.634106301363317 1.913359035410348
0.5309666065607501 0.2985289265625874 3 5.829387532311291 0.9754954440687683
0.6493962308649859 0.37410916300714764 3 6.094862959861863 0.933005551877056
0.6720370220970937 0.4040964379295322 3 5.862194972980321 0.970036139311471
0.7194189575585879 0.43648093863144677 3 5.129767137767531 1.1085378393912282
0.5684222384796382 0.32004613720261177 3 6.6308340961289725 0.8575905982628491
0.6615332034083491 0.5495324580384817 3 4.887153757949178 1.1635690754013064
0.7541304825238758 0.7238597313052797 3 2.425500730839479 2.077917779146769
0.7446390882313307 0.7705456687619933 3 2.294726235794588 2.1963365447816274
0.5155381256468614 0.7245756845076422 3 3.2884640191889534 1.5326277138917483
0.626036706904056 0.4330240031551585 3 5.84650400319363 0.9726395426009617
0.3950573073741327 0.30776141086320624 3 4.484144373623405 1.3685305876128737
0.8012060759032598 0.7125634511545311 3 2.279528824113549 2.2109793210905155
0.8399763413838327 0.7397512128037355 3 2.0732560502862865 2.4309544840102535
0.36399287493228166 0.6032079773689988 3 4.154851075165647 1.213037724040181
0.2917686387906876 0.5758692207316308 3 3.734432003651232 1.3496004444630754
0.6852754907203354 0.7810821546243205 3 2.4429816194577443 2.0630491248082072
0.8155149407204317 0.7135170163641819 3 2.22332582389592 2.2668702165808927
0.6455623948444207 0.4575869722287391 3 5.509603931053191 1.0321142954451774
0.5725696758131162 0.4762827013233272 3 5.705472406060786 0.9966818827202227
0.4947431869026147 0.5597150804477188 3 4.994468044527595 1.1385678972781992
0.7041355812071616 0.42907835126741445 3 5.28123567148429 1.0767444085453477
0.7258691046078412 0.6646061045396762 3 2.7847095555684853 1.8098803452828836
0.6249509070898287 0.44761019842893723 3 5.724894611529618 0.9933005522981275
0.7394233664811464 0.7860259050967145 3 2.2572028756735536 2.232848073277814
0.7887163846530041 0.6553373804573515 3 2.500784408541502 2.0153640892555953
0.7361881327956482 0.8203875876829062 3 2.1498111021843376 2.3443878798578632
0.8506187347587049 0.7990803699876275 3 1.9062939685835225 2.643868771032107
0.2973495363920637 0.48308248414547883 3 3.745800995957939 1.345504231907527
0.2592484700407562 0.7763635575221557 3 2.715550141071961 1.8559742336244631
0.7862989275963652 0.690065279670785 3 2.406134471440161 2.0946423201892843
0.4942279047060185 0.6133456159749187 3 4.403398827649428 1.2913981226898015
0.698756677231279 0.6992834559156688 3 2.7610696696150865 1.8253762834776448
0.6522206886764839 0.6617862064183648 3 3.1975318246106625 1.5762129568666652
0.7446366283207957 0.4865794985985416 3 4.722852227939642 1.2040480423758069
0.6932948946988342 0.5654534594730938 3 4.546638620358475 1.250713209098768
0.6781048209663016 0.33292748108390435 3 5.939638867269694 0.9573883373308363
0.26075720217685444 0.718573999028452 3 3.025053180751328 1.6660834672311648
0.8042376941620254 0.7934272658399564 3 2.0449921959647184 2.4645527263575873
0.22251831991489018 0.7883298714240449 3 2.5007623241672134 2.015381887050469
0.32351200563321114 0.6393495801876143 3 3.771367198621648 1.3363830214641634
0.669730607148233 0.6950262325053415 3 2.916681945668933 1.7279878937190487
0.5053620701269804 0.6750690635122293 3 3.710888905482966 1.3581627529991736
0.7615764451888559 0.7735103681098081 3 2.2306194103751436 2.259458098724791
0.3496903121642816 0.4329933992146022 3 4.099394712153603 1.2294476247926598
0.39153963750374315 0.5776294199926051 3 4.362275585106259 1.1553582513568015
0.5416042277812119 0.47991525488202486 3 5.744453724810063 0.9899184938893327
0.29387974001507766 0.5660318782525734 3 3.7557059335315084 1.3419557284682584
0.5249692372285568 0.485610262030015 3 5.701340097314086 0.9974042738057123
0.6977418201849414 0.5002854794895334 3 4.9110487381590024 1.157907665484226
0.20296773383981564 0.7984580104619133 3 2.3798946095775646 2.117737092920868
0.41670674548454156 0.40979298046661683 3 5.90345795167732 1.0395074860882532
0.7416277782794454 0.5889910190948651 3 2.994605664601602 1.6830232946932426
0.6932931734763774 0.7483720380641234 3 2.5583979211220007 1.9699793571339823
0.70971508636843 0.7124438097520422 3 2.6526681319834453 1.8999704603743055
0.6806521891032632 0.7177689348083449 3 2.7509141740107985 1.8321149891043644
0.26470437697816573 0.7615201266645316 3 2.8313149694626025 1.7800884558249805
0.32860350692925033 0.4413129371744251 3 3.934721132890471 1.280901726380397
0.46603747603182555 0.6268512537813131 3 3.317646167751598 1.5191466591389065
0.45550648740195465 0.41171202752594527 3 6.886892801049816 0.8910678461033026
0.28035680692780035 0.7161289758113678 3 3.116387153079235 1.617254482314538
0.4473375193351228 0.7348324501821877 3 3.328048694041037 1.514398242119798
0.7260165987413801 0.7199155338102927 3 2.552955591255478 1.974178912162862
0.6162899699681502 0.46263925715201104 3 5.642083539897439 1.007879613846397
0.6888968092469115 0.5241631381654697 3 4.810547349614069 1.1820985360298246
0.38319743027975633 0.2762100009308178 3 3.547452552402666 1.4207353072365358
0.5457131844740668 0.5895896361495174 3 4.750106839353731 1.1971395953390003
0.6312411617947771 0.45662127468333275 3 5.607325333302707 1.0141271714176747
0.30032996652105604 0.7234573857809834 3 3.161736563532143 1.5940578826448448
0.47975236292326595 0.7007875282162737 3 3.554004952324943 1.4181159451248928
0.5012632137589963 0.5748491652989149 3 4.874940110588706 1.1664842747769117
0.1970866600117869 0.7954764320973517 3 2.369906376570542 2.1266625305418754
0.44329557666585284 0.32697891986066585 3 5.422615732899687 1.1316842344818465
0.23745015069634573 0.7267085856031248 3 2.8879004621898923 1.7452094204531603
0.6120606266203569 0.3484377583462397 3 6.710147328218612 0.8474539680473138
0.4862318964328004 0.4635469791701871 3 5.928169529489836 0.9592406140197399
0.17474033164278335 0.3636861115238198 3 2.632129015379349 1.9147963730107886
0.46567523869648914 0.5669969664558905 3 4.788022294037465 1.1876596703742182
0.47577243578762335 0.6571162960275716 3 3.1539861234885067 1.5979750368623338
0.4407453623940024 0.5196531804037615 3 5.103855551425171 1.1141657365073876
0.18298967448118103 0.7278944895737949 3 2.5679771635570297 1.9626308066399236
0.6235230129146608 0.6421753304125937 3 3.4900906798070084 1.4440860007177612
0.48806697616378103 0.5180426495602906 3 5.359152248169522 1.0610896492860873
0.46558804569679024 0.3808260349477101 3 5.626920459608297 1.0905945407664406
0.4791669907632519 0.6495911839030653 3 3.2078056842142195 1.5711647113623175
0.5310410091841999 0.6295649641551255 3 4.332210628707123 1.3126187683025927
0.5233871269725687 0.341093611151546 3 6.679403140254168 0.8513546585038968
0.203041695250713 0.7347975140559748 3 2.649542868284789 1.9022115672382118
0.40226843709696475 0.44601176413907095 3 4.930766726765297 1.1532772273758434
0.746576954842598 0.4852447791533015 3 4.718029540564273 1.2052787992507648
0.34406769499995704 0.31452273995412067 3 3.5278111960386274 1.428645358800446
0.4165562579890373 0.5855165706078677 3 4.417815654307153 1.140833272893832
0.5364211032665399 0.3192852795617066 3 6.353801375179377 0.8949824905913752
0.33919818777823585 0.6508366786305482 3 2.786034392122905 1.8090196970269483
0.4271374008377422 0.7324222423451453 3 3.3658867445599294 1.4973739387074314
0.4908517743150437 0.3637882120895225 3 6.885603620487782 0.8912346793121199
0.5630681951826686 0.6915233346477797 3 3.3979967850457222 1.4832242084881841
0.27728901699058806 0.48203144582259505 3 3.5775713451033435 1.4087744466209235
0.3455796836575118 0.451227266339269 3 4.1065767787506315 1.2272974215468542
0.422174903173814 0.34103901488291244 3 5.29165042531165 1.1596927690502878
0.7114013438444344 0.7294177739107931 3 2.5722226796091388 1.959391436790646
0.708266829777928 0.7612342280212532 3 2.4509797494693517 2.0563169047137237
0.7052152644415275 0.6768256571756351 3 2.8360777293210444 1.7770990688437185
0.6051765579581507 0.4821492917720065 3 5.519780915962856 1.0302113554970684
0.4120218915505539 0.3893285016733924 3 5.626920459608297 1.0905945407664406
0.3685019338280463 0.5382408243577209 3 4.329676568561599 1.164057178898981
0.34135204212954423 0.4836897378719605 3 4.12111441873283 1.2229680081278946
0.7569000845699596 0.7952538516155098 3 2.1746328335042295 2.31762852758152
0.4982241475102956 0.42839983794125985 3 6.388768743157907 0.8900840221476135
0.2039350838715879 0.7803596247355663 3 2.4602044981387055 2.0486065673637683
0.23755908729032657 0.8251065576211906 3 2.380303882618306 2.1173729660100817
0.7585718200102338 0.7415011443924274 3 2.3473915468452033 2.1470602544847597
0.5284666588142557 0.5480244917619645 3 5.095938612128302 1.11589668014191
0.735357614154059 0.8135219075858261 3 2.174899385819289 2.3173444826029326
0.5477306196567974 0.668460274663 3 3.6368134763892446 1.385826115269655
0.4375613322732245 0.6446881351198951 3 3.1274983643023435 1.6115087858947978
0.17195783502929168 0.7368635502701839 3 2.480490239937109 2.0318528211877265
0.1693845891719489 0.7154201808129301 3 2.536919411148049 1.986657940255207
0.22862637173035064 0.7667573619367998 3 2.6323882394335 1.9146078137127147
0.7728812723027745 0.7447321392738567 3 2.285753992710383 2.2049577986161824
0.40951456007576653 0.42842739961973997 3 5.883441296922341 1.043044100361116
0.3917587782134365 0.6103473035285875 3 4.7294530497432214 1.0153319667156702
0.309970327833062 0.45265291703067895 3 3.7996876926940617 1.3264224587814404
0.40113010234854113 0.3249963592946038 3 4.8300682838931985 1.2705180080041065
0.7311613067298663 0.47433638523777666 3 4.8620608987855105 1.1695741986492558
0.38937054474971433 0.5734057037038085 3 4.367493689175557 1.1539778762442183
0.4967336591637833 0.7059962656241111 3 3.477255026114738 1.4494165812095179
0.6886960489176914 0.6418252133877184 3 3.1032686494572643 1.6240911314031057
0.8620825903226392 0.5918053842487218 3 2.293462811502622 2.1975464640923277
0.49521829879934565 0.5429004259715249 3 5.138213520463729 1.1067155844795893
0.7056224589841433 0.774470827074884 3 2.406107874219786 2.094665474455971
0.25254817011715774 0.7898072848574761 3 2.6115034119881213 1.9299193976958742
0.3958227884361515 0.6588452624261568 3 2.931054040135548 1.719514899053775
0.18802792946329955 0.7244508057995779 3 2.607477773669779 1.932898965750923
0.407653340954602 0.44070720087977705 3 5.062750758550339 1.123211718427399
0.557290307940882 0.6178822878859911 3 4.524869723111699 1.256730320971623
0.512200437106122 0.500864646508404 3 5.543949902841443 1.0257201235830826
0.49606383258716635 0.3290899150196019 3 6.058951366974971 0.9385355047535299
0.4163655211429044 0.35800944275982216 3 5.3894169607077504 1.1386554017468182
0.18960171748102256 0.6820443275786829 3 2.7572473700306883 1.8279067546589918
0.4927077492482129 0.38147483787457936 3 7.117754175610617 0.8621664338455951
0.440146903930251 0.495593601024648 3 5.355006532938613 1.0619111189693355
0.667733846908035 0.6982389157975166 3 2.9085334636836384 1.7328289857671848
0.2823454381870513 0.6507218459719635 3 3.4574535720619926 1.457717648812572
0.2616646827795952 0.6704418747075763 3 3.249119653014974 1.5511866690622023
0.5765913115106007 0.6073630568836432 3 4.588153947088021 1.2393962898934636
0.6812524582312698 0.31644405636050704 3 5.577990008644546 1.0194605889698924
0.21711019410354682 0.7293907077000309 3 2.752177616413092 1.831273919927249
0.7347191848708641 0.5758536326400511 3 3.0930614398377387 1.6294506882505484
0.290949977617754 0.8557666871174766 3 2.366925609013438 2.129340724842452
0.3581252743826723 0.4777912813178678 3 4.258009687972488 1.1836495126305595
0.5264648654399303 0.4443834265792434 3 6.183368664650337 0.9196509682481486
0.7587346545400881 0.7143840276080937 3 2.440590840431306 2.0650700676456517
0.4431214691109642 0.6322492132512522 3 3.2151439164841755 1.567578690989412
0.7568136057549706 0.7515402362252771 3 2.3193969256665286 2.17297480917221
0.37284220557890724 0.4718757302380132 3 4.377367729387437 1.151374845231503
0.7630899449816186 0.6852925401504006 3 2.523578039441251 1.997160782497833
0.23527779023288595 0.7380422083283124 3 2.8152844411913005 1.7902244683354767
0.650228341055716 0.5706997864367978 3 4.6667712185257155 1.2185171959806045
0.516001237408541 0.4585304151965233 3 6.014395365611829 0.9454883880754764
0.3040010147972316 0.8009067304298891 3 2.7126110054281307 1.8579851964986682
0.43639037701069394 0.4112832888808655 3 6.3733939200371195 0.962860418102018
0.5875283142332661 0.5029850439760691 3 14.484460018938186 0.39561649502342117
0.040554927744786196 0.5072400792452862 3 2.1336363243495664 2.362160333711634
0.29194678962167875 0.4272334801227161 3 3.58747691485028 1.4048846059697013
0.7500676018742642 0.897027660749859 3 1.888041253867395 2.6694284786527316
0.6028701592288027 0.6008484200713187 3 4.588589920485266 1.2392785317541657
0.6149777466040518 0.4894293635413928 3 5.411127551697576 1.0508976040856706
0.2579580823160971 0.7189356681450992 3 3.012210778886082 1.6731867262650952
0.7984657574489835 0.7001463509025435 3 2.3258789324587448 2.1669189318538327
0.6830469136648829 0.764038216680348 3 2.5244992185159125 1.9964320269854214
0.6571664530758328 0.3395494139819467 3 6.1808679857501065 0.9200230441082343
0.49211704225348335 0.2633016877556674 3 4.906231206770348 1.159044639321891
0.44394105422327373 0.5891244340193036 3 3.4817077881145417 1.4475629198836801
0.7068606124650494 0.46130772099304174 3 5.08436873240851 1.1184359905358752
0.6989962241574786 0.39153609364235065 3 5.677486887815393 1.0015947358125972
0.14596680282946534 0.7632310055814474 3 2.279235675930655 2.211263690353966
0.5662104392361843 0.289357728041304 3 5.868714954814273 0.9689584556864725
0.44864558562432355 0.6811903182476917 3 3.7624978179066986 1.3395332930050396
0.7802524132257377 0.7241470373979612 3 2.324202862830907 2.168481578155388
0.5888498769597843 0.47524402811514127 3 5.655245631604735 1.0055338618187182
0.4411923952597462 0.5154128811111293 3 5.154914482825847 1.1031300322102857
0.5434853498540486 0.5575180098090339 3 5.004651575132976 1.1362511244011726
0.3860771082109893 0.5584592017837059 3 4.396939536261405 1.1462498063437552
0.45660137634625386 0.43280640922410835 3 7.110008201838461 0.8631057180762483
0.6446792306915289 0.7639770872738367 3 2.6517340108527963 1.9006397592358735
0.2687578250941205 0.7243688939663058 3 3.03109360054465 1.662763265060245
0.4515006741729511 0.5494168152052004 3 4.877431646442907 1.1658884002255814
0.38284021717487404 0.5440688862962566 3 4.4129751370794 1.1420846334702914
0.8199224586670886 0.6624864411844861 3 2.3384421322257776 2.155277234569695
0.4982887847983077 0.3891165629058462 3 6.738973204692647 0.8438289939365172
0.7520106617132443 0.6876440874592499 3 2.565491534731194 1.9645323415471387
0.20599359133993891 0.7400399815310459 3 2.6434588104932235 1.9065896059883984
0.6390150501606866 0.46074398219372076 3 5.525318886988694 1.0291787851144492
0.3096170370177286 0.526590983167117 3 3.8845866520323566 1.2974330458835277
0.5221079576856864 0.38781976501469645 3 6.738973204692647 0.8438289939365172
0.7447471630813102 0.812900186453634 3 2.151619666380496 2.342417282522438
0.8377997370239522 0.7538358880610266 3 2.0466126588237157 2.462601347751633
0.38272263131699585 0.452737367638514 3 3.884655613573704 1.2321295951093614
0.4249231989421871 0.284825727537369 3 3.8046548392094803 1.3246907551256422
0.6685866005871447 0.7817694635640924 3 2.491314575031324 2.023024768713307
0.5379614400606375 0.6077396909730114 3 4.623028868576724 1.2300466082167556
0.761046704494208 0.7666157837279917 3 2.254809220370571 2.2352184151156385
0.5391133985130727 0.4030198290550403 3 6.723586750903713 0.8457600370392514
0.43897421752365273 0.39141139582977835 3 6.205266595463876 0.9889484424507711
0.6756601639542467 0.7586515066960814 3 2.5740438922156925 1.9580051090762476
0.45029897412145387 0.7116061205092745 3 3.511661058941835 1.4352157020141147
